date,country,province,day_since100,case_cnt,death_cnt,new_hospitalization,total_hospitalization,new_icu,total_icu,new_recovered,total_recovered
2020-03-26,US,MI_Oceana_County,-69,1,0,,,,,,
2020-03-27,US,MI_Oceana_County,-68,1,0,,,,,,
2020-03-28,US,MI_Oceana_County,-67,1,0,,,,,,
2020-03-29,US,MI_Oceana_County,-66,2,0,,,,,,
2020-03-30,US,MI_Oceana_County,-65,2,0,,,,,,
2020-03-31,US,MI_Oceana_County,-64,2,0,,,,,,
2020-04-01,US,MI_Oceana_County,-63,2,0,,,,,,
2020-04-02,US,MI_Oceana_County,-62,2,0,,,,,,
2020-04-03,US,MI_Oceana_County,-61,3,0,,,,,,
2020-04-04,US,MI_Oceana_County,-60,3,0,,,,,,
2020-04-05,US,MI_Oceana_County,-59,3,0,,,,,,
2020-04-06,US,MI_Oceana_County,-58,3,0,,,,,,
2020-04-07,US,MI_Oceana_County,-57,3,1,,,,,,
2020-04-08,US,MI_Oceana_County,-56,3,1,,,,,,
2020-04-09,US,MI_Oceana_County,-55,3,1,,,,,,
2020-04-10,US,MI_Oceana_County,-54,3,1,,,,,,
2020-04-11,US,MI_Oceana_County,-53,3,1,,,,,,
2020-04-12,US,MI_Oceana_County,-52,3,1,,,,,,
2020-04-13,US,MI_Oceana_County,-51,3,1,,,,,,
2020-04-14,US,MI_Oceana_County,-50,3,1,,,,,,
2020-04-15,US,MI_Oceana_County,-49,3,1,,,,,,
2020-04-16,US,MI_Oceana_County,-48,3,1,,,,,,
2020-04-17,US,MI_Oceana_County,-47,4,1,,,,,,
2020-04-18,US,MI_Oceana_County,-46,4,1,,,,,,
2020-04-19,US,MI_Oceana_County,-45,4,1,,,,,,
2020-04-20,US,MI_Oceana_County,-44,4,1,,,,,,
2020-04-21,US,MI_Oceana_County,-43,4,1,,,,,,
2020-04-22,US,MI_Oceana_County,-42,4,1,,,,,,
2020-04-23,US,MI_Oceana_County,-41,4,1,,,,,,
2020-04-24,US,MI_Oceana_County,-40,4,1,,,,,,
2020-04-25,US,MI_Oceana_County,-39,4,1,,,,,,
2020-04-26,US,MI_Oceana_County,-38,5,1,,,,,,
2020-04-27,US,MI_Oceana_County,-37,7,1,,,,,,
2020-04-28,US,MI_Oceana_County,-36,8,1,,,,,,
2020-04-29,US,MI_Oceana_County,-35,9,1,,,,,,
2020-04-30,US,MI_Oceana_County,-34,9,1,,,,,,
2020-05-01,US,MI_Oceana_County,-33,11,1,,,,,,
2020-05-02,US,MI_Oceana_County,-32,14,1,,,,,,
2020-05-03,US,MI_Oceana_County,-31,16,1,,,,,,
2020-05-04,US,MI_Oceana_County,-30,19,1,,,,,,
2020-05-05,US,MI_Oceana_County,-29,21,1,,,,,,
2020-05-06,US,MI_Oceana_County,-28,22,1,,,,,,
2020-05-07,US,MI_Oceana_County,-27,23,1,,,,,,
2020-05-08,US,MI_Oceana_County,-26,24,1,,,,,,
2020-05-09,US,MI_Oceana_County,-25,25,1,,,,,,
2020-05-10,US,MI_Oceana_County,-24,28,1,,,,,,
2020-05-11,US,MI_Oceana_County,-23,30,1,,,,,,
2020-05-12,US,MI_Oceana_County,-22,34,1,,,,,,
2020-05-13,US,MI_Oceana_County,-21,38,2,,,,,,
2020-05-14,US,MI_Oceana_County,-20,44,2,,,,,,
2020-05-15,US,MI_Oceana_County,-19,46,2,,,,,,
2020-05-16,US,MI_Oceana_County,-18,47,2,,,,,,
2020-05-17,US,MI_Oceana_County,-17,50,2,,,,,,
2020-05-18,US,MI_Oceana_County,-16,54,2,,,,,,
2020-05-19,US,MI_Oceana_County,-15,58,2,,,,,,
2020-05-20,US,MI_Oceana_County,-14,66,2,,,,,,
2020-05-21,US,MI_Oceana_County,-13,69,2,,,,,,
2020-05-22,US,MI_Oceana_County,-12,73,2,,,,,,
2020-05-23,US,MI_Oceana_County,-11,74,2,,,,,,
2020-05-24,US,MI_Oceana_County,-10,82,2,,,,,,
2020-05-25,US,MI_Oceana_County,-9,84,2,,,,,,
2020-05-26,US,MI_Oceana_County,-8,85,2,,,,,,
2020-05-27,US,MI_Oceana_County,-7,85,2,,,,,,
2020-05-28,US,MI_Oceana_County,-6,85,2,,,,,,
2020-05-29,US,MI_Oceana_County,-5,85,2,,,,,,
2020-05-30,US,MI_Oceana_County,-4,85,2,,,,,,
2020-05-31,US,MI_Oceana_County,-3,85,2,,,,,,
2020-06-01,US,MI_Oceana_County,-2,97,2,,,,,,
2020-06-02,US,MI_Oceana_County,-1,97,2,,,,,,
2020-06-03,US,MI_Oceana_County,0,100,2,,,,,,
2020-06-04,US,MI_Oceana_County,1,102,2,,,,,,
2020-06-05,US,MI_Oceana_County,2,102,2,,,,,,
2020-06-06,US,MI_Oceana_County,3,102,2,,,,,,
2020-06-07,US,MI_Oceana_County,4,102,2,,,,,,
2020-06-08,US,MI_Oceana_County,5,102,3,,,,,,
2020-06-09,US,MI_Oceana_County,6,103,3,,,,,,
2020-06-10,US,MI_Oceana_County,7,103,3,,,,,,
2020-06-11,US,MI_Oceana_County,8,103,3,,,,,,
2020-06-12,US,MI_Oceana_County,9,105,3,,,,,,
2020-06-13,US,MI_Oceana_County,10,107,3,,,,,,
2020-06-14,US,MI_Oceana_County,11,109,3,,,,,,
2020-06-15,US,MI_Oceana_County,12,115,3,,,,,,
2020-06-16,US,MI_Oceana_County,13,117,3,,,,,,
2020-06-17,US,MI_Oceana_County,14,119,3,,,,,,
2020-06-18,US,MI_Oceana_County,15,145,3,,,,,,
2020-06-19,US,MI_Oceana_County,16,163,3,,,,,,
2020-06-20,US,MI_Oceana_County,17,173,3,,,,,,
2020-06-21,US,MI_Oceana_County,18,176,3,,,,,,
2020-06-22,US,MI_Oceana_County,19,186,3,,,,,,
2020-06-23,US,MI_Oceana_County,20,199,3,,,,,,
2020-06-24,US,MI_Oceana_County,21,210,3,,,,,,
2020-06-25,US,MI_Oceana_County,22,222,3,,,,,,
2020-06-26,US,MI_Oceana_County,23,235,3,,,,,,
2020-06-27,US,MI_Oceana_County,24,249,3,,,,,,
2020-06-28,US,MI_Oceana_County,25,263,3,,,,,,
2020-06-29,US,MI_Oceana_County,26,280,3,,,,,,
2020-06-30,US,MI_Oceana_County,27,287,3,,,,,,
2020-07-01,US,MI_Oceana_County,28,292,3,,,,,,
2020-07-02,US,MI_Oceana_County,29,307,3,,,,,,
2020-07-03,US,MI_Oceana_County,30,320,3,,,,,,
2020-07-04,US,MI_Oceana_County,31,342,4,,,,,,
2020-07-05,US,MI_Oceana_County,32,345,4,,,,,,
2020-07-06,US,MI_Oceana_County,33,347,4,,,,,,
2020-07-07,US,MI_Oceana_County,34,354,4,,,,,,
2020-07-08,US,MI_Oceana_County,35,365,4,,,,,,
2020-07-09,US,MI_Oceana_County,36,372,4,,,,,,
2020-07-10,US,MI_Oceana_County,37,384,4,,,,,,
2020-07-11,US,MI_Oceana_County,38,397,5,,,,,,
2020-07-12,US,MI_Oceana_County,39,405,5,,,,,,
2020-07-13,US,MI_Oceana_County,40,406,5,,,,,,
2020-07-14,US,MI_Oceana_County,41,407,5,,,,,,
2020-07-15,US,MI_Oceana_County,42,414,5,,,,,,
2020-07-16,US,MI_Oceana_County,43,417,5,,,,,,
2020-07-17,US,MI_Oceana_County,44,426,5,,,,,,
2020-07-18,US,MI_Oceana_County,45,432,5,,,,,,
2020-07-19,US,MI_Oceana_County,46,436,5,,,,,,
2020-07-20,US,MI_Oceana_County,47,437,5,,,,,,
2020-07-21,US,MI_Oceana_County,48,444,5,,,,,,
2020-07-22,US,MI_Oceana_County,49,445,5,,,,,,
2020-07-23,US,MI_Oceana_County,50,452,5,,,,,,
2020-07-24,US,MI_Oceana_County,51,456,5,,,,,,
2020-07-25,US,MI_Oceana_County,52,456,5,,,,,,
2020-07-26,US,MI_Oceana_County,53,458,5,,,,,,
2020-07-27,US,MI_Oceana_County,54,459,5,,,,,,
2020-07-28,US,MI_Oceana_County,55,460,6,,,,,,
2020-07-29,US,MI_Oceana_County,56,462,6,,,,,,
2020-07-30,US,MI_Oceana_County,57,462,6,,,,,,
2020-07-31,US,MI_Oceana_County,58,462,6,,,,,,
2020-08-01,US,MI_Oceana_County,59,462,6,,,,,,
2020-08-02,US,MI_Oceana_County,60,465,6,,,,,,
2020-08-03,US,MI_Oceana_County,61,467,6,,,,,,
2020-08-04,US,MI_Oceana_County,62,467,6,,,,,,
2020-08-05,US,MI_Oceana_County,63,468,6,,,,,,
2020-08-06,US,MI_Oceana_County,64,472,6,,,,,,
2020-08-07,US,MI_Oceana_County,65,474,6,,,,,,
2020-08-08,US,MI_Oceana_County,66,475,6,,,,,,
2020-08-09,US,MI_Oceana_County,67,475,6,,,,,,
2020-08-10,US,MI_Oceana_County,68,479,6,,,,,,
2020-08-11,US,MI_Oceana_County,69,480,6,,,,,,
2020-08-12,US,MI_Oceana_County,70,480,6,,,,,,
2020-08-13,US,MI_Oceana_County,71,482,6,,,,,,
2020-08-14,US,MI_Oceana_County,72,484,6,,,,,,
2020-08-15,US,MI_Oceana_County,73,486,6,,,,,,
2020-08-16,US,MI_Oceana_County,74,486,6,,,,,,
2020-08-17,US,MI_Oceana_County,75,489,6,,,,,,
2020-08-18,US,MI_Oceana_County,76,492,6,,,,,,
2020-08-19,US,MI_Oceana_County,77,492,6,,,,,,
2020-08-20,US,MI_Oceana_County,78,493,6,,,,,,
2020-08-21,US,MI_Oceana_County,79,493,6,,,,,,
2020-08-22,US,MI_Oceana_County,80,495,6,,,,,,
2020-08-23,US,MI_Oceana_County,81,495,6,,,,,,
2020-08-24,US,MI_Oceana_County,82,497,6,,,,,,
2020-08-25,US,MI_Oceana_County,83,498,6,,,,,,
2020-08-26,US,MI_Oceana_County,84,499,6,,,,,,
2020-08-27,US,MI_Oceana_County,85,499,6,,,,,,
2020-08-28,US,MI_Oceana_County,86,499,6,,,,,,
2020-08-29,US,MI_Oceana_County,87,499,6,,,,,,
2020-08-30,US,MI_Oceana_County,88,500,6,,,,,,
2020-08-31,US,MI_Oceana_County,89,501,6,,,,,,
2020-09-01,US,MI_Oceana_County,90,501,6,,,,,,
2020-09-02,US,MI_Oceana_County,91,501,6,,,,,,
2020-09-03,US,MI_Oceana_County,92,501,6,,,,,,
2020-09-04,US,MI_Oceana_County,93,501,6,,,,,,
2020-09-05,US,MI_Oceana_County,94,501,6,,,,,,
2020-09-06,US,MI_Oceana_County,95,501,6,,,,,,
2020-09-07,US,MI_Oceana_County,96,501,6,,,,,,
2020-09-08,US,MI_Oceana_County,97,502,6,,,,,,
2020-09-09,US,MI_Oceana_County,98,502,6,,,,,,
2020-09-10,US,MI_Oceana_County,99,502,6,,,,,,
2020-09-11,US,MI_Oceana_County,100,502,6,,,,,,
2020-09-12,US,MI_Oceana_County,101,502,6,,,,,,
2020-09-13,US,MI_Oceana_County,102,502,6,,,,,,
2020-09-14,US,MI_Oceana_County,103,506,6,,,,,,
2020-09-15,US,MI_Oceana_County,104,506,6,,,,,,
2020-09-16,US,MI_Oceana_County,105,506,6,,,,,,
2020-09-17,US,MI_Oceana_County,106,506,6,,,,,,
2020-09-18,US,MI_Oceana_County,107,513,6,,,,,,
2020-09-19,US,MI_Oceana_County,108,513,6,,,,,,
2020-09-20,US,MI_Oceana_County,109,513,6,,,,,,
2020-09-21,US,MI_Oceana_County,110,514,6,,,,,,
2020-09-22,US,MI_Oceana_County,111,514,6,,,,,,
2020-09-23,US,MI_Oceana_County,112,516,6,,,,,,
2020-09-24,US,MI_Oceana_County,113,516,6,,,,,,
2020-09-25,US,MI_Oceana_County,114,516,6,,,,,,
2020-09-26,US,MI_Oceana_County,115,518,6,,,,,,
2020-09-27,US,MI_Oceana_County,116,518,6,,,,,,
2020-09-28,US,MI_Oceana_County,117,524,6,,,,,,
2020-09-29,US,MI_Oceana_County,118,528,6,,,,,,
2020-09-30,US,MI_Oceana_County,119,528,6,,,,,,
2020-10-01,US,MI_Oceana_County,120,529,6,,,,,,
2020-10-02,US,MI_Oceana_County,121,529,6,,,,,,
2020-10-03,US,MI_Oceana_County,122,534,6,,,,,,
2020-10-04,US,MI_Oceana_County,123,534,6,,,,,,
2020-10-05,US,MI_Oceana_County,124,536,6,,,,,,
2020-10-06,US,MI_Oceana_County,125,537,6,,,,,,
2020-10-07,US,MI_Oceana_County,126,540,6,,,,,,
2020-10-08,US,MI_Oceana_County,127,542,6,,,,,,
2020-10-09,US,MI_Oceana_County,128,542,6,,,,,,
2020-10-10,US,MI_Oceana_County,129,542,6,,,,,,
2020-10-11,US,MI_Oceana_County,130,542,6,,,,,,
2020-10-12,US,MI_Oceana_County,131,550,6,,,,,,
2020-10-13,US,MI_Oceana_County,132,550,6,,,,,,
2020-10-14,US,MI_Oceana_County,133,557,6,,,,,,
2020-10-15,US,MI_Oceana_County,134,562,6,,,,,,
2020-10-16,US,MI_Oceana_County,135,566,6,,,,,,
2020-10-17,US,MI_Oceana_County,136,566,6,,,,,,
2020-10-18,US,MI_Oceana_County,137,566,6,,,,,,
2020-10-19,US,MI_Oceana_County,138,575,6,,,,,,
2020-10-20,US,MI_Oceana_County,139,577,6,,,,,,
2020-10-21,US,MI_Oceana_County,140,581,6,,,,,,
2020-10-22,US,MI_Oceana_County,141,586,6,,,,,,
2020-10-23,US,MI_Oceana_County,142,599,6,,,,,,
2020-10-24,US,MI_Oceana_County,143,606,6,,,,,,
2020-10-25,US,MI_Oceana_County,144,606,6,,,,,,
2020-10-26,US,MI_Oceana_County,145,619,6,,,,,,
2020-10-27,US,MI_Oceana_County,146,624,6,,,,,,
2020-10-28,US,MI_Oceana_County,147,640,6,,,,,,
2020-10-29,US,MI_Oceana_County,148,653,6,,,,,,
2020-10-30,US,MI_Oceana_County,149,666,6,,,,,,
2020-10-31,US,MI_Oceana_County,150,676,6,,,,,,
2020-11-01,US,MI_Oceana_County,151,676,6,,,,,,
2020-11-02,US,MI_Oceana_County,152,698,6,,,,,,
2020-11-03,US,MI_Oceana_County,153,709,6,,,,,,
2020-11-04,US,MI_Oceana_County,154,725,6,,,,,,
2020-11-05,US,MI_Oceana_County,155,744,6,,,,,,
2020-11-06,US,MI_Oceana_County,156,769,6,,,,,,
2020-11-07,US,MI_Oceana_County,157,779,6,,,,,,
2020-11-08,US,MI_Oceana_County,158,779,6,,,,,,
2020-11-09,US,MI_Oceana_County,159,813,6,,,,,,
2020-11-10,US,MI_Oceana_County,160,826,8,,,,,,
2020-11-11,US,MI_Oceana_County,161,836,8,,,,,,
2020-11-12,US,MI_Oceana_County,162,861,8,,,,,,
2020-11-13,US,MI_Oceana_County,163,886,8,,,,,,
2020-11-14,US,MI_Oceana_County,164,892,8,,,,,,
2020-11-15,US,MI_Oceana_County,165,892,8,,,,,,
2020-11-16,US,MI_Oceana_County,166,950,9,,,,,,
2020-11-17,US,MI_Oceana_County,167,970,9,,,,,,
2020-11-18,US,MI_Oceana_County,168,983,10,,,,,,
2020-11-19,US,MI_Oceana_County,169,1003,11,,,,,,
2020-11-20,US,MI_Oceana_County,170,1026,11,,,,,,
2020-11-21,US,MI_Oceana_County,171,1039,13,,,,,,
2020-11-22,US,MI_Oceana_County,172,1039,13,,,,,,
2020-11-23,US,MI_Oceana_County,173,1092,13,,,,,,
2020-11-24,US,MI_Oceana_County,174,1110,16,,,,,,
2020-11-25,US,MI_Oceana_County,175,1122,16,,,,,,
2020-11-26,US,MI_Oceana_County,176,1122,16,,,,,,
2020-11-27,US,MI_Oceana_County,177,1180,16,,,,,,
2020-11-28,US,MI_Oceana_County,178,1190,16,,,,,,
2020-11-29,US,MI_Oceana_County,179,1190,16,,,,,,
2020-11-30,US,MI_Oceana_County,180,1212,16,,,,,,
2020-12-01,US,MI_Oceana_County,181,1222,22,,,,,,
2020-12-02,US,MI_Oceana_County,182,1250,23,,,,,,
2020-12-03,US,MI_Oceana_County,183,1291,24,,,,,,
2020-12-04,US,MI_Oceana_County,184,1324,24,,,,,,
2020-12-05,US,MI_Oceana_County,185,1328,25,,,,,,
2020-12-06,US,MI_Oceana_County,186,1328,25,,,,,,
2020-12-07,US,MI_Oceana_County,187,1362,29,,,,,,
2020-12-08,US,MI_Oceana_County,188,1402,29,,,,,,
2020-12-09,US,MI_Oceana_County,189,1424,29,,,,,,
2020-12-10,US,MI_Oceana_County,190,1440,30,,,,,,
2020-12-11,US,MI_Oceana_County,191,1456,31,,,,,,
2020-12-12,US,MI_Oceana_County,192,1461,31,,,,,,
2020-12-13,US,MI_Oceana_County,193,1461,31,,,,,,
2020-12-14,US,MI_Oceana_County,194,1489,32,,,,,,
2020-12-15,US,MI_Oceana_County,195,1501,33,,,,,,
2020-12-16,US,MI_Oceana_County,196,1509,33,,,,,,
2020-12-17,US,MI_Oceana_County,197,1524,33,,,,,,
2020-12-18,US,MI_Oceana_County,198,1532,33,,,,,,
2020-12-19,US,MI_Oceana_County,199,1537,34,,,,,,
2020-12-20,US,MI_Oceana_County,200,1537,34,,,,,,
2020-12-21,US,MI_Oceana_County,201,1550,35,,,,,,
2020-12-22,US,MI_Oceana_County,202,1556,39,,,,,,
2020-12-23,US,MI_Oceana_County,203,1563,39,,,,,,
2020-12-24,US,MI_Oceana_County,204,1563,39,,,,,,
2020-12-25,US,MI_Oceana_County,205,1563,39,,,,,,
2020-12-26,US,MI_Oceana_County,206,1587,41,,,,,,
2020-12-27,US,MI_Oceana_County,207,1587,41,,,,,,
2020-12-28,US,MI_Oceana_County,208,1591,42,,,,,,
2020-12-29,US,MI_Oceana_County,209,1603,42,,,,,,
2020-12-30,US,MI_Oceana_County,210,1605,43,,,,,,
2020-12-31,US,MI_Oceana_County,211,1605,43,,,,,,
2021-01-01,US,MI_Oceana_County,212,1605,43,,,,,,
2021-01-02,US,MI_Oceana_County,213,1631,43,,,,,,
2021-01-03,US,MI_Oceana_County,214,1631,43,,,,,,
2021-01-04,US,MI_Oceana_County,215,1639,43,,,,,,
2021-01-05,US,MI_Oceana_County,216,1654,43,,,,,,
2021-01-06,US,MI_Oceana_County,217,1666,43,,,,,,
2021-01-07,US,MI_Oceana_County,218,1681,43,,,,,,
2021-01-08,US,MI_Oceana_County,219,1690,44,,,,,,
2021-01-09,US,MI_Oceana_County,220,1693,44,,,,,,
2021-01-10,US,MI_Oceana_County,221,1693,44,,,,,,
2021-01-11,US,MI_Oceana_County,222,1700,44,,,,,,
2021-01-12,US,MI_Oceana_County,223,1711,44,,,,,,
2021-01-13,US,MI_Oceana_County,224,1719,44,,,,,,
2021-01-14,US,MI_Oceana_County,225,1731,44,,,,,,
2021-01-15,US,MI_Oceana_County,226,1737,44,,,,,,
2021-01-16,US,MI_Oceana_County,227,1739,44,,,,,,
2021-01-17,US,MI_Oceana_County,228,1739,44,,,,,,
2021-01-18,US,MI_Oceana_County,229,1748,44,,,,,,
2021-01-19,US,MI_Oceana_County,230,1752,44,,,,,,
2021-01-20,US,MI_Oceana_County,231,1769,45,,,,,,
2021-01-21,US,MI_Oceana_County,232,1772,45,,,,,,
2021-01-22,US,MI_Oceana_County,233,1776,45,,,,,,
2021-01-23,US,MI_Oceana_County,234,1777,45,,,,,,
2021-01-24,US,MI_Oceana_County,235,1777,45,,,,,,
2021-01-25,US,MI_Oceana_County,236,1790,45,,,,,,
2021-01-26,US,MI_Oceana_County,237,1799,47,,,,,,
2021-01-27,US,MI_Oceana_County,238,1809,47,,,,,,
2021-01-28,US,MI_Oceana_County,239,1812,48,,,,,,
2021-01-29,US,MI_Oceana_County,240,1813,48,,,,,,
2021-01-30,US,MI_Oceana_County,241,1813,48,,,,,,
2021-01-31,US,MI_Oceana_County,242,1813,48,,,,,,
2021-02-01,US,MI_Oceana_County,243,1816,48,,,,,,
2021-02-02,US,MI_Oceana_County,244,1817,48,,,,,,
2021-02-03,US,MI_Oceana_County,245,1822,48,,,,,,
2021-02-04,US,MI_Oceana_County,246,1822,49,,,,,,
2021-02-05,US,MI_Oceana_County,247,1827,49,,,,,,
2021-02-06,US,MI_Oceana_County,248,1827,49,,,,,,
2021-02-07,US,MI_Oceana_County,249,1827,49,,,,,,
2021-02-08,US,MI_Oceana_County,250,1831,49,,,,,,
2021-02-09,US,MI_Oceana_County,251,1833,49,,,,,,
2021-02-10,US,MI_Oceana_County,252,1840,49,,,,,,
2021-02-11,US,MI_Oceana_County,253,1843,50,,,,,,
2021-02-12,US,MI_Oceana_County,254,1843,50,,,,,,
2021-02-13,US,MI_Oceana_County,255,1844,50,,,,,,
2021-02-14,US,MI_Oceana_County,256,1844,50,,,,,,
2021-02-15,US,MI_Oceana_County,257,1848,50,,,,,,
2021-02-16,US,MI_Oceana_County,258,1848,50,,,,,,
2021-02-17,US,MI_Oceana_County,259,1853,50,,,,,,
2021-02-18,US,MI_Oceana_County,260,1854,50,,,,,,
2021-02-19,US,MI_Oceana_County,261,1857,50,,,,,,
2021-02-20,US,MI_Oceana_County,262,1857,50,,,,,,
2021-02-21,US,MI_Oceana_County,263,1857,50,,,,,,
2021-02-22,US,MI_Oceana_County,264,1860,50,,,,,,
2021-02-23,US,MI_Oceana_County,265,1863,50,,,,,,
2021-02-24,US,MI_Oceana_County,266,1865,50,,,,,,
2021-02-25,US,MI_Oceana_County,267,1871,50,,,,,,
2021-02-26,US,MI_Oceana_County,268,1874,50,,,,,,
2021-02-27,US,MI_Oceana_County,269,1875,50,,,,,,
2021-02-28,US,MI_Oceana_County,270,1875,50,,,,,,
2021-03-01,US,MI_Oceana_County,271,1880,50,,,,,,
2021-03-02,US,MI_Oceana_County,272,1881,50,,,,,,
2021-03-03,US,MI_Oceana_County,273,1886,50,,,,,,
2021-03-04,US,MI_Oceana_County,274,1886,50,,,,,,
2021-03-05,US,MI_Oceana_County,275,1889,50,,,,,,
2021-03-06,US,MI_Oceana_County,276,1889,50,,,,,,
2021-03-07,US,MI_Oceana_County,277,1889,50,,,,,,
2021-03-08,US,MI_Oceana_County,278,1895,50,,,,,,
2021-03-09,US,MI_Oceana_County,279,1896,50,,,,,,
2021-03-10,US,MI_Oceana_County,280,1899,50,,,,,,
2021-03-11,US,MI_Oceana_County,281,1905,50,,,,,,
2021-03-12,US,MI_Oceana_County,282,1907,50,,,,,,
2021-03-13,US,MI_Oceana_County,283,1907,50,,,,,,
2021-03-14,US,MI_Oceana_County,284,1907,50,,,,,,
2021-03-15,US,MI_Oceana_County,285,1912,50,,,,,,
2021-03-16,US,MI_Oceana_County,286,1915,50,,,,,,
2021-03-17,US,MI_Oceana_County,287,1922,50,,,,,,
2021-03-18,US,MI_Oceana_County,288,1924,50,,,,,,
2021-03-19,US,MI_Oceana_County,289,1931,50,,,,,,
2021-03-20,US,MI_Oceana_County,290,1931,50,,,,,,
2021-03-21,US,MI_Oceana_County,291,1931,50,,,,,,
2021-03-22,US,MI_Oceana_County,292,1936,51,,,,,,
2021-03-23,US,MI_Oceana_County,293,1941,51,,,,,,
2021-03-24,US,MI_Oceana_County,294,1950,51,,,,,,
2021-03-25,US,MI_Oceana_County,295,1955,51,,,,,,
2021-03-26,US,MI_Oceana_County,296,1967,51,,,,,,
2021-03-27,US,MI_Oceana_County,297,1973,51,,,,,,
2021-03-28,US,MI_Oceana_County,298,1973,51,,,,,,
2021-03-29,US,MI_Oceana_County,299,1999,51,,,,,,
2021-03-30,US,MI_Oceana_County,300,2018,51,,,,,,
2021-03-31,US,MI_Oceana_County,301,2023,51,,,,,,
2021-04-01,US,MI_Oceana_County,302,2036,51,,,,,,
2021-04-02,US,MI_Oceana_County,303,2046,51,,,,,,
2021-04-03,US,MI_Oceana_County,304,2062,51,,,,,,
2021-04-04,US,MI_Oceana_County,305,2062,51,,,,,,
2021-04-05,US,MI_Oceana_County,306,2087,51,,,,,,
2021-04-06,US,MI_Oceana_County,307,2098,51,,,,,,
2021-04-07,US,MI_Oceana_County,308,2119,51,,,,,,
2021-04-08,US,MI_Oceana_County,309,2151,51,,,,,,
2021-04-09,US,MI_Oceana_County,310,2173,51,,,,,,
2021-04-10,US,MI_Oceana_County,311,2209,51,,,,,,
2021-04-11,US,MI_Oceana_County,312,2209,51,,,,,,
2021-04-12,US,MI_Oceana_County,313,2247,51,,,,,,
2021-04-13,US,MI_Oceana_County,314,2258,51,,,,,,
2021-04-14,US,MI_Oceana_County,315,2302,51,,,,,,
2021-04-15,US,MI_Oceana_County,316,2319,51,,,,,,
2021-04-16,US,MI_Oceana_County,317,2353,51,,,,,,
2021-04-17,US,MI_Oceana_County,318,2374,51,,,,,,
2021-04-18,US,MI_Oceana_County,319,2374,51,,,,,,
2021-04-19,US,MI_Oceana_County,320,2417,51,,,,,,
2021-04-20,US,MI_Oceana_County,321,2424,51,,,,,,
2021-04-21,US,MI_Oceana_County,322,2454,51,,,,,,
2021-04-22,US,MI_Oceana_County,323,2467,52,,,,,,
2021-04-23,US,MI_Oceana_County,324,2496,52,,,,,,
2021-04-24,US,MI_Oceana_County,325,2511,52,,,,,,
2021-04-25,US,MI_Oceana_County,326,2511,52,,,,,,
2021-04-26,US,MI_Oceana_County,327,2543,53,,,,,,
2021-04-27,US,MI_Oceana_County,328,2555,53,,,,,,
2021-04-28,US,MI_Oceana_County,329,2567,53,,,,,,
2021-04-29,US,MI_Oceana_County,330,2587,53,,,,,,
2021-04-30,US,MI_Oceana_County,331,2600,53,,,,,,
2021-05-01,US,MI_Oceana_County,332,2605,54,,,,,,
2021-05-02,US,MI_Oceana_County,333,2605,54,,,,,,
2021-05-03,US,MI_Oceana_County,334,2620,54,,,,,,
2021-05-04,US,MI_Oceana_County,335,2626,55,,,,,,
2021-05-05,US,MI_Oceana_County,336,2635,55,,,,,,
2021-05-06,US,MI_Oceana_County,337,2664,56,,,,,,
2021-05-07,US,MI_Oceana_County,338,2670,57,,,,,,
2021-05-08,US,MI_Oceana_County,339,2679,58,,,,,,
2021-05-09,US,MI_Oceana_County,340,2679,58,,,,,,
2021-05-10,US,MI_Oceana_County,341,2690,58,,,,,,
2021-05-11,US,MI_Oceana_County,342,2692,58,,,,,,
2021-05-12,US,MI_Oceana_County,343,2694,58,,,,,,
2021-05-13,US,MI_Oceana_County,344,2699,59,,,,,,
2021-05-14,US,MI_Oceana_County,345,2706,59,,,,,,
2021-05-15,US,MI_Oceana_County,346,2710,59,,,,,,
2021-05-16,US,MI_Oceana_County,347,2710,59,,,,,,
2021-05-17,US,MI_Oceana_County,348,2712,59,,,,,,
2021-05-18,US,MI_Oceana_County,349,2714,59,,,,,,
2021-05-19,US,MI_Oceana_County,350,2719,59,,,,,,
2021-05-20,US,MI_Oceana_County,351,2723,60,,,,,,
2021-05-21,US,MI_Oceana_County,352,2726,60,,,,,,
2021-05-22,US,MI_Oceana_County,353,2727,60,,,,,,
2021-05-23,US,MI_Oceana_County,354,2727,60,,,,,,
2021-05-24,US,MI_Oceana_County,355,2733,60,,,,,,
2021-05-25,US,MI_Oceana_County,356,2733,60,,,,,,
2021-05-26,US,MI_Oceana_County,357,2744,60,,,,,,
2021-05-27,US,MI_Oceana_County,358,2747,60,,,,,,
2021-05-28,US,MI_Oceana_County,359,2747,60,,,,,,
2021-05-29,US,MI_Oceana_County,360,2751,60,,,,,,
2021-05-30,US,MI_Oceana_County,361,2751,60,,,,,,
2021-05-31,US,MI_Oceana_County,362,2751,60,,,,,,
2021-06-01,US,MI_Oceana_County,363,2753,60,,,,,,
2021-06-02,US,MI_Oceana_County,364,2756,60,,,,,,
2021-06-03,US,MI_Oceana_County,365,2756,60,,,,,,
2021-06-04,US,MI_Oceana_County,366,2759,60,,,,,,
2021-06-05,US,MI_Oceana_County,367,2761,60,,,,,,
2021-06-06,US,MI_Oceana_County,368,2761,60,,,,,,
2021-06-07,US,MI_Oceana_County,369,2761,60,,,,,,
2021-06-08,US,MI_Oceana_County,370,2762,60,,,,,,
2021-06-09,US,MI_Oceana_County,371,2763,60,,,,,,
2021-06-10,US,MI_Oceana_County,372,2764,60,,,,,,
2021-06-11,US,MI_Oceana_County,373,2764,60,,,,,,
2021-06-12,US,MI_Oceana_County,374,2764,60,,,,,,
2021-06-13,US,MI_Oceana_County,375,2764,60,,,,,,
2021-06-14,US,MI_Oceana_County,376,2765,60,,,,,,
2021-06-15,US,MI_Oceana_County,377,2766,60,,,,,,
2021-06-16,US,MI_Oceana_County,378,2766,60,,,,,,
2021-06-17,US,MI_Oceana_County,379,2767,60,,,,,,
2021-06-18,US,MI_Oceana_County,380,2767,60,,,,,,
2021-06-19,US,MI_Oceana_County,381,2767,60,,,,,,
2021-06-20,US,MI_Oceana_County,382,2767,60,,,,,,
2021-06-21,US,MI_Oceana_County,383,2767,60,,,,,,
2021-06-22,US,MI_Oceana_County,384,2767,60,,,,,,
2021-06-23,US,MI_Oceana_County,385,2768,60,,,,,,
2021-06-24,US,MI_Oceana_County,386,2769,60,,,,,,
2021-06-25,US,MI_Oceana_County,387,2769,60,,,,,,
2021-06-26,US,MI_Oceana_County,388,2769,60,,,,,,
2021-06-27,US,MI_Oceana_County,389,2769,60,,,,,,
2021-06-28,US,MI_Oceana_County,390,2769,60,,,,,,
2021-06-29,US,MI_Oceana_County,391,2769,60,,,,,,
2021-06-30,US,MI_Oceana_County,392,2769,60,,,,,,
2021-07-01,US,MI_Oceana_County,393,2769,60,,,,,,
2021-07-02,US,MI_Oceana_County,394,2769,60,,,,,,
2021-07-03,US,MI_Oceana_County,395,2769,60,,,,,,
2021-07-04,US,MI_Oceana_County,396,2769,60,,,,,,
2021-07-05,US,MI_Oceana_County,397,2769,60,,,,,,
2021-07-06,US,MI_Oceana_County,398,2771,60,,,,,,
2021-07-07,US,MI_Oceana_County,399,2771,60,,,,,,
2021-07-08,US,MI_Oceana_County,400,2771,60,,,,,,
2021-07-09,US,MI_Oceana_County,401,2777,60,,,,,,
2021-07-10,US,MI_Oceana_County,402,2777,60,,,,,,
2021-07-11,US,MI_Oceana_County,403,2777,60,,,,,,
2021-07-12,US,MI_Oceana_County,404,2777,60,,,,,,
2021-07-13,US,MI_Oceana_County,405,2777,60,,,,,,
2021-07-14,US,MI_Oceana_County,406,2777,60,,,,,,
2021-07-15,US,MI_Oceana_County,407,2777,60,,,,,,
